28381952
50024363
24762114
208228247
26135780
212559371
208907378
52654936
32486904
300052859
39783493
200275329
312612765
302665526
57557308
204321574
324176718
208905463
209437151
315276881
201619566
66461401
307832535
23354335
315619577
305408684
209437144
308300847
42828277
23163793
205606312
66560053
23491491
31440811
23491475
300764065
213654197
324176700
37191913
35020494
207238015
315610568
201457710
35010537
308115690
23154867
25915786
26423160
312611619
322916156
205976707
58528050
35021096
52470192
311391924
200911352
52468634
316505585
316175306
207780875
315993220
311375109
304798473
301718615
23163801
324010339
23491483
28330769
27579143
315275826
203140595
315586081
204650832
212473490
212473482
209195585
211973326
35160613
206450520
305440620
315924654
318820024
34045922
209197391
305549172
315367326
36964179
32517369
315604587
307998369
300634094
39213657
26482810
208892661
316076397
32505109
43169861
205578073
308221183
59908236
203197991
35026038
213001274
212992291
39795448
26424978
204279251
300752334
322484775
208892299
40273310
316452168
316143205
313277980
56870371
312202369
39179999
37236569
214059586
26209965
56312960
23150667
46253431
55800882
207698283
204467815
311376354
205625247
29898798
301799821
209528702
318667185
323846816
302587530
312584022
33504762
203000567
312196033
203002514
36965432
311376362
205772601
205622954
319068052
37979713
37981032
308305804
26632794
26420042
318893278
211857784
212991970
23403611
212183131
301004974
29161973
314035155
40587081
301905527
214055352
208281972
26136002
205608409
211689492
213830458
312194103
34070524
204261523
300145901
302669528
325291532
35734029
211857313
40882169
46250593
201329299
205998131
315368902
301602074
209102417
211308168
211859681
37241320
209101625
23350291
209379445
336135777
27622414
204544506
39795281
207781113
305430837
26348854
53062030
39236690
212978290
318279684
52475985
318278926
318692357
23296759
207548017
316178904
318749389
313169955
31427552
59442566
32502874
26425926
28269637
30451652
59892208
50871292
211889456
207696824
58582859
207100124
59937722
23333776
315922880
209102425
60642071
318747078
314802059
25880741
27628056
211809785
302587522
302586235
66123928
30414817
42831719
32987810
66600883
318667516
40098733
314800962
29855079
31519721
213249162
322873407
209101856
322873910
203142385
26209940
31438559
305407728
302585393
322932963
300579679
316470921
26209916
315056572
29954583
35026467
322484767
302780259
300049038
204127534
40880718
203298567
312213895
208400960
212558035
66456815
213151475
301715959
324901198
30779417
203002407
205627334
300713476
300987054
213166259
302778279
214067811
325093607
315055939
318889037
207548363
204702880
60685005
316586239
315367276
200254670
313723116
26133991
206410565
314643503
206254328
206421497
212633184
211309695
206423048
324265768
214069908
203297171
60639655
213247620
65905481
23295231
207577354
32483786
300634086
23490162
310021480
318181534
66562257
308113810
21522750
207781873
315453340
301872768
212183032
21882337
59518340
206454183
39185137
204374631
311392963
32846545
27623917
35204981
23172281
40884470
36007854
204500466
27623925
35866557
308104967
203186358
53707956
59557967
313276354
33181488
322619727
312203532
31553621
59442327
204460976
315059816
212573489
213000557
208891424
322619735
23334360
26264531
35016526
25812884
207873605
207873613
65903387
312195241
308307230
324895051
316008853
207217738
300674595
208284729
323903757
315333724
201488244
300985025
26134114
25916032
27691476
25884370
35042688
300760782
59442384
26134494
24760035
25884347
206517195
322931221
34021162
212883722
29244571
209197904
214057598
58582974
209394709
209391408
59937094
316473446
324028463
211971171
317754240
315862946
212632657
311265243
209153253
318746914
208399154
213007032
205976137
203514708
23163728
35207406
315542167
308200807
204704118
17900143
322687336
207699398
207873308
26349886
203514765
318823085
209375435
318943651
58970120
308202324
38080115
26218180
308306356
28184323
305178881
39774153
207699406
32502684
200248292
323078501
59894220
200274363
305551939
203004163
208904821
58161530
35212281
201488236
206815920
40574550
204544852
40186892
208374215
204273544
307865162
308268606
211308473
313166837
40130346
203004353
315368993
305431850
53708624
26486068
323044958
213000219
36176709
56314297
301252169
40269045
212880520
205975097
36725497
300059912
201483385
39637954
301902557
39617501
203298062
34044834
35010784
315196717
53869236
27628585
28268506
26216176
35024637
213831175
213832884
206739609
322802695
208266726
36963254
201089828
34058057
203514336
206737462
301818985
325093748
213151848
300568896
32852428
32500092
52470481
53825329
56964075
318892312
211607270
32472938
211609573
31507775
40877086
318892296
206413882
312195456
319036232
304798754
39796230
40269466
39208194
308104801
40583510
27621234
28266195
204480511
66603481
36467843
203513213
207776790
35028299
208971689
308268911
323980748
203157565
209528181
37970803
212881205
318890407
25880667
35019256
35025287
66596172
32506925
31551831
212547699
208380956
300136827
300156130
324813716
23162266
32939894
40027906
53823357
53825477
325091049
206421059
35024652
213448434
315931667
317754141
324810977
209529114
34075168
23164122
32850695
209394261
308308345
315400226
305449357
27628924
315922252
27628510
35012822
315924829
66561473
322915489
321620155
313908899
203186879
209528751
33503962
56964216
25919986
213796238
324812569
203198940
40269474
311375067
206748196
208281147
315369264
316057199
31438757
209391101
23335060
24716185
53863205
208380659
56964232
53064614
301568499
308300482
26134197
26424630
32939969
34055590
200301083
211988159
213831936
28384352
28383594
37773546
203295464
209376847
212976252
212559678
313278335
213433949
322841933
35017144
58973835
212183040
324814383
36951648
60638285
60645918
36965952
211689633
204641740
205569262
307984062
213246499
211609581
206413684
211309422
212989545
311374755
323903518
66744301
29951977
323902718
315625913
211607189
21991930
59414169
211608997
205574817
204322341
59905653
35014992
313129843
315403204
35024280
212547913
214354581
302880463
324019728
324813591
212634661
33467929
65671018
312212681
33472903
53871265
323040246
21880281
25938812
26346353
66127564
209469188
318858305
318890415
207166190
40887325
315450130
212112528
300061249
308240605
32504649
324811348
23403512
24718504
27622406
324813187
56964034
213423544
36734150
59414425
211616826
324814268
37287026
53730958
213246655
35024520
35212224
324814888
29896891
208971770
313167728
318890928
27628577
59515676
308118645
324268366
305450983
318893039
323983981
24760803
29999489
58973801
325090603
301252185
27622877
29897816
59380642
40108755
36939494
207779224
323981233
66603473
39228614
66598384
324014968
315991984
302996327
211606702
36291680
205571516
200285039
211608021
211610001
213830797
318668589
324811702
26422683
28383487
53871307
59412858
312215015
311392989
301718938
39232517
211805239
24716136
59908947
311394746
316141928
213445927
66562380
203143987
300153939
319039525
209394048
324812411
315603035
32517385
317743896
213797020
323862201
203188206
206411456
204475883
37972866
21510433
206414112
28268423
316187095
26216143
206819906
300764586
212181382
318892569
207411992
29854817
203296694
204687537
205598451
318893542
326121332
200310746
213168537
300671864
302881941
208270009
59515791
208313015
208909523
42830364
318180924
322916990
315806307
313167710
324028133
300670064
39350509
325299196
206368219
305451775
33500216
58582784
53850798
300145679
308092360
201332749
313188708
66560442
40572257
43165521
324897115
206542573
53863890
26264119
37246899
23162548
58529298
35010339
35013481
23150048
39461132
203462924
314801556
33469545
211607502
315744532
23151053
315990796
213830417
38212346
323861146
55803373
25917519
308269661
300675253
211808738
25812009
31519366
315196394
35449123
30434278
213830193
318891405
200247211
26265009
35212836
315862250
301182713
207215526
323984757
302586847
211606421
315347856
66423237
35014323
200256741
213797871
200260578
315741181
24716953
26349738
33753617
213831134
212631519
213006752
31518350
35212927
53850848
211689716
56964059
42839704
206635252
39360854
318217510
209390905
35014315
204445241
308196831
214041162
207237678
300062379
66124140
53863510
35014612
213656499
36733996
322932807
315628818
53717195
204261515
203278148
28265239
53061594
26135830
316430826
53871406
42830257
323983106
206870909
32487266
322327396
209199629
318891413
322414863
315278663
40886194
35170364
35270966
53868535
209472828
35030592
325257509
58561747
39637103
28268670
316179589
327761987
312197874
318894110
206367302
207780545
212882872
50871219
53060166
300568029
33754540
203673793
213431216
311369227
207696576
324903566
60684776
208312363
66447632
207239641
209526094
300671328
32939381
308203215
203003538
325292837
200980647
323863613
319145348
212962864
23334337
308112101
315198184
39233762
39774583
208280164
305437121
315628198
316505791
205608268
214059818
39439898
322840240
301182606
211609938
213153901
203061411
315346239
46220240
43169622
208383570
29850674
206748048
36457638
53062964
308174036
33269010
40891384
29996774
301505731
324037399
205624422
206367146
211307764
213433865
318257128
206815649
319080404
324016518
325083038
205996994
23180524
36939189
52476280
208210815
29852142
35030634
59414706
311428197
207366337
61992806
23292683
37168234
316177302
28383669
34028191
46231346
209152255
209103233
37195070
301074282
206872640
305458234
315610543
323980144
203187018
201329869
315921775
318891066
322482548
58973207
30450209
34025031
301255865
213651854
36923670
318275047
301182598
212663959
59444802
59940163
211886932
40149825
308304211
35027341
308039163
23224561
35029859
318181922
322484403
312610157
308300961
212630222
35028802
206736423
324027333
205629983
315433011
206411852
301802930
300059227
316002898
316433069
37978517
39234703
322874017
205508138
315860155
209391374
326918083
50024322
211655766
324964105
35033299
312219470
30434245
23211550
206735193
214055162
209409176
303024335
205596398
315433789
209196500
27691492
27575018
31431133
31431125
213653736
201455995
314800160
315588905
200296101
211888037
212571863
24716599
29851946
325292233
56961121
211857453
56931173
35033307
26133140
46258166
205573421
54441662
302585112
212474720
26130757
212630438
324268986
61997680
52484334
37783404
40885865
315388819
207335662
300059037
322329905
201623899
40108870
213249840
211657218
311368716
324265701
201456308
43125194
213154479
318891058
319037123
213433071
53863700
209483205
301181863
308294909
315401612
315404350
23180532
23350721
323845479
21521133
203003785
214057903
35211176
312202757
35010370
35015932
35211978
54467196
315403451
208370767
208395426
319084216
305458242
204364194
211605126
214042137
205570534
35049477
26217166
29240454
201393501
203293964
214058935
36461069
308174838
66110321
39192638
204543227
26132803
39236583
24762189
27623941
211971502
213652134
23403595
56961436
319084455
200259489
300752284
308112994
315627752
322844184
39193073
40588030
301801288
308173392
315433540
315450205
323982546
203142542
211973458
325082287
208034413
315589564
322687740
36296655
28269132
42837443
30779599
40886780
207240979
302878061
56933997
316189570
205979297
315279786
301253720
36961985
205770332
304801731
29157906
32504813
36938652
207782475
213422579
324265941
209438761
318857257
322871500
205524267
209435155
325183002
212660690
206873093
322864547
203670732
208107060
209257971
318821527
324268812
33468786
53868360
301004412
308268150
315057166
200302925
39465224
315197194
313276511
201332129
315932723
205622392
301902516
35021732
318669959
304799851
325299246
31519622
315058867
315385252
312582463
27622968
300913688
58973074
323041681
315366591
61011367
29161924
59937235
302991575
307847665
307848325
318894730
35012467
201402799
300672995
315387381
307999862
21883095
206678971
315461434
312199847
312208648
205977549
40883399
26429837
58561689
318270501
200910479
213167851
212987267
313129918
300629326
26302596
21884663
23153505
208030528
212963557
213154859
316434661
312193303
28266823
318255759
209436435
66559931
36950277
201592730
307847855
308090836
211655998
208372185
305427288
40132912
29952637
36007623
318544244
316006592
211809546
322959768
206454308
316589142
324086107
315057406
315431338
211966601
58561754
58973116
324025907
201399870
319147328
39229802
213006356
300059151
313126575
301821401
203125919
314820077
36730265
318218823
307998187
23335185
35012384
35211598
39773031
23154099
211985643
312613540
39180526
54413646
60640638
300145281
52484318
28334076
26429324
207761685
201404365
308102375
26130732
32469421
205556038
207242868
324265693
26429332
29850369
53709309
59414730
59937714
311392658
315347351
23353949
27628072
52482031
53863825
305549255
316586635
203125679
318940855
40883381
31429376
300153418
308100288
208212340
203419122
301575593
315540419
209717669
214041287
311377048
26343970
37196862
53718367
207784943
56870454
35113281
23150683
39350491
300670387
328055967
24719437
319082194
201621489
322689076
35012343
59518266
204651590
205598824
201454386
203299946
209467018
307865477
26301788
59410316
201396868
324026079
212884076
319148441
43165463
211342076
203125687
207244153
37965027
201623626
204711139
204711295
315921791
39775127
316179647
66746215
26427138
312216054
316143429
21521950
36148674
39181672
27622703
200295582
209438217
313251589
213004922
322484585
213434418
315196485
200283760
59414599
29851888
53057576
204333777
204425094
319082558
26213686
23353832
29851862
29856242
46230199
315346122
301507851
301602371
209196757
315863514
322484866
212634398
316508027
212632566
212986947
204477301
213248206
212661557
322410234
316612282
212181002
27625144
211805502
26343939
43178151
301905931
211701073
40895328
28334084
205573058
305368466
211809538
316188804
29899994
203720362
201542305
211686225
214055303
324896182
11981248
26427112
29856283
30450902
53823290
56961279
66114695
318666583
29162898
32486813
206116881
307997684
212986798
206746356
318218310
27691765
213433519
208284554
315610725
37198108
24719700
301108601
59516773
35211754
33222985
29859238
305354375
316454933
324811397
212663041
316479856
59940130
305460305
308038843
58973082
200261915
207326356
33456724
55763163
323893875
28265155
211806070
300566163
211974639
207369265
315402511
26131961
213007800
26213124
208890137
301803649
23403785
35101203
203189865
302665633
308261288
207778689
206874000
26214932
301604401
318219599
212471270
313621138
307998641
26515817
26136028
207242009
32972226
207872169
319145728
23152119
35026418
23491046
43179696
23353477
35174325
209390475
301255832
313253767
207224411
31429046
58938002
26219261
314814948
315365254
315612994
314814955
301361838
25919069
318892874
32972077
28331239
35020072
322804725
27625565
315776070
305507279
21880778
201395795
207546128
27572080
36728798
31514656
56963622
55800924
302582838
203140314
212663975
53851002
200254167
206878118
52455912
322413998
40879264
211859129
311371470
213449630
305482648
301492682
315404145
207872177
59937706
26488338
26480111
35646793
56963721
305355471
24716151
56963713
29896081
59891077
301182309
59333542
26424994
29896859
58528001
58971367
55802359
55802318
23154966
23350127
58972167
23295470
17711748
35606151
316185693
316505023
201452570
206540122
317754331
323861690
209467307
26344416
200249738
209257807
29240496
322413618
315923581
207237942
301072328
207575770
206638454
208397810
300811593
206735029
302718150
311371736
58973181
39223094
209409853
212992663
212639785
201090701
29954302
311392336
301251096
36953784
315618835
212471445
32943334
35049618
200299790
208210583
26263566
29162831
35042993
322917238
211965967
209260595
324810167
207576216
212654164
207899030
40884587
59557934
207760406
23491319
35023183
304799562
34073221
29162815
209259928
315628123
308305655
313188989
212882161
211688718
27625250
316179258
203126446
322688334
315462424
322413584
21990320
312210180
35049634
56930472
204373658
207165614
207780040
322329772
205577307
318665494
305367708
204556567
324175439
205522477
315348839
207325606
207873449
203291935
35013291
213007016
200283422
209153972
315059790
324027812
200912574
201404779
203188099
23163157
29162849
59410415
307832543
37973922
209376755
39209655
53868113
23211774
59909234
203144993
208970756
322934290
200251759
311377089
59557991
40097107
35042597
305409773
52482460
318891124
21884952
300914876
33500620
324035914
204520605
205978794
302591169
304800360
323845586
319068284
204418990
212639793
324085240
301714218
208971804
211655642
200049641
201329687
29240090
207870981
213153935
208971671
204439228
318856481
201589553
302584057
307860718
325080984
203512454
315807438
301900098
21511928
23180797
33224908
206516759
203671045
315863217
208896118
300052107
324962281
26215988
39635669
53868436
32935181
34842864
205572548
203724935
325290955
318821972
66596321
35012426
39210976
56870363
302666136
31512544
305409351
59894063
214067514
206410391
29162823
25916339
305410284
206748550
204469688
315587170
312213622
204306435
59518308
35734060
305448672
23403132
209483957
205558927
302879952
56872120
208266833
315862508
323044917
26217711
203724927
305509622
316432236
201403680
26424747
316509215
318893385
203186994
34461780
29856218
31518012
35012434
209474048
324012285
59518381
52471182
324814433
322917212
203187844
209405851
324898451
35042548
23212236
39195177
39014725
206369480
214068835
212977581
57597130
311424436
319080644
201454634
302669114
324028927
32849457
24763716
40271900
307903781
312610314
316508878
28383966
315809467
213165434
203277454
211609813
25884396
35042860
40145294
201395068
21472899
315921650
35134303
40827636
325255537
208893065
34879296
213420805
315627224
53069035
201624467
313253619
205575814
302880356
305409237
208313700
28266427
53850947
206117665
35014638
318279569
213005846
52469806
29162336
211701529
39633946
27623982
206254534
27691450
312196298
303025761
316140235
315540435
40585721
37967858
209256932
26300962
34968040
40044166
318892189
209258235
208473256
201452752
209151349
205576986
206254526
207870049
209529155
311265938
29240413
34073965
26215962
317816601
301603536
206818494
57632846
58968991
318823432
323891622
208395889
324012459
201536802
213447733
322571407
213652647
324811009
334055738
39205950
305370769
208908814
315991190
204425797
324179613
203444856
212471098
318894607
26346387
322930496
302667654
303023642
212183412
29856267
207220591
43175744
213447725
212660971
21633862
34033613
319069274
207168808
35027192
28334068
37769494
314820432
206754467
318821121
300580180
36007904
58527854
59557918
35021864
322843343
21884689
26211391
52457868
211609268
300700333
211989801
311424188
23334329
316055599
28181493
302783543
207873282
203001672
212558720
203674510
26341685
55804967
201402708
307865493
21511191
214351272
205605652
205576531
301715561
208211557
26301804
36964971
25883976
207366105
52455870
316179399
59940593
301600219
201594561
201330438
311368641
40597478
35786094
322413949
56930795
316452218
35026343
204512586
316055276
39185707
207777087
323983601
28331122
23163777
324014216
208284281
66603465
308203397
313250573
308195429
212651038
315740902
37242278
37960622
40028490
305530784
319067583
40113359
301094686
300670866
323890087
34028233
35101187
39462932
53870648
204501894
204521843
301905568
315921361
65758914
326913555
40583916
39781802
300763125
315452342
207241720
213009319
52455896
322841560
26344333
26130575
37968625
213154818
205627953
318276656
23491509
211889084
315540906
40095259
201333465
208265272
58582818
324012897
34045310
204704662
301903837
35160548
59518407
307861302
211805924
21202874
205568173
205629744
206542045
206541047
206368557
308307016
26341396
25919127
29898574
302584545
34057372
26131672
211341755
301111480
315275156
208398537
324087246
27692664
205997265
206067423
206873747
213795750
214041915
300716099
300832367
301249934
314038860
316506179
318669033
319082087
206739468
318278298
316006675
323893966
205620172
305440752
305527350
316178136
318693272
211308028
305430639
311393235
315367722
207697830
301073144
206736159
315368886
315614909
203143961
325294346
315276709
313722092
316001858
52484367
204590053
208269662
300136553
200273548
212637193
213154800
32488140
201333192
314038795
318543881
32942500
40096547
200247856
207217746
302583265
302584537
304804545
301568812
27620004
212639041
311425557
212978050
204127682
35020098
200270312
318885217
208381939
211704234
206366379
207783390
211886981
305547952
324018639
200912301
206543498
322748039
203512660
301875092
34591321
318690815
203141528
21883194
43178672
212634133
323904029
26346429
203670260
206818775
209262765
209263557
209392315
212986723
213656523
213797129
322804261
323043372
327763579
21521828
58973462
208395921
311374110
312208283
316434869
36468460
39632922
203140439
208373530
209482553
305367294
315921874
305548240
318272093
208269548
26209924
203298559
324179787
52456472
213430325
213430317
201487055
203291414
325256501
316587633
207783705
37401957
203674676
302993761
318893831
36957207
61999637
66460783
23352529
318944642
66347527
40886608
324265370
31433667
53060810
57557738
315388397
66599036
209390897
209471606
56963630
324013291
26209957
307833640
26422105
29950219
37782539
59940478
316005230
200297091
300565751
201488301
305511495
212985022
212637946
60647542
213446321
305461394
204274294
204480180
207873845
204445977
311265458
214056269
314038787
315198028
316178433
315612200
322864513
213449432
35606342
314038803
301509253
208903526
43165265
200251072
212979074
315404863
316509488
322860479
325292548
323849604
203440714
25937988
204650279
206818056
27691237
203443031
312588437
26137315
28332039
56964596
302993860
56963689
204334411
318270667
55760326
312193394
40107401
33471251
53731006
35212422
65671125
203127816
208284653
301252532
311368062
312588429
318891470
35026335
40130981
200248698
209526292
319068847
308112390
308301449
208900498
31511439
53708863
56964588
205574437
324812221
213245384
206422966
315108415
33458217
53823415
40147035
53838439
208284349
53823365
209528520
315367714
318940814
322615857
315401620
212988604
208229625
200273829
37968237
315603043
53823449
315625921
207168436
207218793
322802075
211888755
27626118
42832154
42834010
53707709
58582891
207781089
314038779
204364236
307866202
307998443
52476496
59890269
52482478
56963663
213433485
55804843
59443317
59515577
26632992
35020635
26422006
36001725
318544772
208280990
209474733
203296546
203672027
205621006
205773716
207221094
214042897
307867002
313623431
315612697
308038264
52470333
205557044
56963747
52470317
56870330
35212638
209465731
305458739
52455920
36952794
40592677
66117896
200271575
203142906
207697871
26132423
34067520
206515363
300986890
32987828
50871300
55222293
304716756
316479575
204417588
209473750
66601261
207239443
35020502
36939676
59410274
59443036
61998324
33501354
301870051
301871299
26209981
53693693
31517121
300914561
315931170
315805952
301074266
206541526
301571345
26342998
213798978
39210760
305529596
315402230
315277145
204287627
308102938
36001469
39224191
39632831
56963598
205577877
211968060
302781182
311268361
313623688
315198010
315991331
316587930
324175728
324266204
26347211
33012675
322414178
308117142
323893768
61996583
21513791
43167055
214044398
29952488
35020452
307895169
315109009
300765534
24764722
56963671
61996823
36731057
301003612
213445190
316509660
29855434
300059722
24762403
60681012
39192554
307861880
39777768
35735505
23150725
27690692
29163607
29857695
30451314
302779699
302881628
305409765
310017330
314038837
316058189
316475227
318180676
318272028
322873761
39226766
36940344
313254252
314038753
314038852
324087238
327763561
37245826
315921882
34079269
37245453
21880257
37977147
206543381
209199793
300832631
58582909
204425870
313168734
323864363
30780084
52474707
26215343
28383313
34055178
203418777
204372551
208972117
211340450
213153687
214042285
300052073
300568144
209262559
211605407
211656970
211972484
212571087
305461840
310017181
315057588
315805473
315809665
318747615
322842253
208265173
205772841
316189455
301072625
28331627
308037837
36951978
305511818
312195209
311428171
37242013
32487472
305485872
315920231
55222384
56963523
23352511
59442343
60679784
205506595
205623614
301803151
302038963
308269497
315349852
319080628
322870577
323078071
61993903
36957124
59414912
36002046
209392331
302994637
31511603
33462631
314040569
23350952
23353212
53863916
65757304
209255579
324895580
304808272
35101195
53730990
200287894
203279294
208900548
301714788
58582826
66419144
301571824
31433469
66562638
36001477
46228847
314038761
310014618
36964922
302779285
212570907
324904317
302780317
37195740
27575034
300986528
31511637
31512437
201090404
207780172
37242740
201539160
206816332
212571160
316472398
319067435
315616011
323893206
200911303
207221086
314038829
201091576
310025994
318748969
213657299
40896649
37967718
206735144
324028729
55222285
58973470
208901009
37968609
204543771
39794607
61996815
212991301
316470152
318270543
207870668
212985030
34065870
65759169
207761990
66083239
36466621
322844499
207240375
325291177
322749888
206365611
315431205
35020817
29244696
211685367
318669686
208229518
315452300
56932593
59442491
316057223
311425409
32514168
318857869
308261452
53058145
211605399
323893354
211305297
313251563
26344218
213650310
322802455
23491418
37772217
23161615
27626415
209394691
212960710
322687104
212182935
32991077
40583882
23491459
213165525
31511447
207327776
209154715
59908301
318856507
33016247
53057204
29160017
37288347
308039833
26209932
37976057
212986061
23491442
209466762
59908210
56930449
40024366
37248101
207696691
209407014
314034919
40147183
323982538
206542540
322843665
209405703
300632684
301181327
308196823
30451108
208403733
66127523
316471671
59414557
29954906
204703805
35606367
53868311
211805817
315434225
34969113
300832862
39225404
209263730
313126021
21882501
29161007
24716912
25919663
27577063
28331338
33466459
35212786
52455904
56963572
205978497
211656673
303023964
308302421
313126591
317754315
208213421
35212398
322412529
301509014
307997965
315333815
37196425
324086925
214068215
315586271
29899630
204386718
21518709
323043364
53708855
66596529
308301811
33018680
65758435
206818122
315454736
318940517
208284497
24763583
207338393
39226378
40896250
204469191
40131187
213150949
307861872
204374888
207761644
58582966
212573026
204333280
42829580
308293224
56931306
59442509
207169137
36005726
26210005
204438378
308240100
35735547
28334407
315934521
28331320
26426486
203189444
42833905
211609664
211985965
206540528
206453722
42833913
208372359
313794505
314038845
314038811
32503013
206737629
316058569
39212204
39461504
312201213
315991679
26300368
34053868
26216812
21513809
28331312
36003192
40891517
201539897
203441209
310017322
203126388
26218479
205774599
39180310
36957934
316586965
31506348
32849846
310017314
209525138
318887809
315933937
207101387
39235635
35024546
35024306
31435662
40885667
53863635
52476454
52484862
213424286
206420028
323076521
25916321
208382747
66601147
207338658
208397190
57557696
27579150
52455763
211986203
56312929
200309052
54467188
318272036
200246536
26343954
55800932
53825741
54467147
39189964
35013879
50970011
54413844
25883232
27562693
53868329
34917187
311428379
56962533
23400740
301572681
40135238
53694477
40271959
46146072
203125620
35214584
31380637
37197571
206252728
66034505
315612945
37774064
308262252
325082022
208896092
24718868
302996566
27578947
316076389
302996558
52484326
36469997
307862409
201540903
24715724
323891739
301900809
206065039
315742445
307862391
206738338
312197270
34593103
59443721
213249865
206252314
318820677
207762063
322803800
26211284
26214643
207762071
316451129
324265974
35029297
212473250
302589809
212473243
315057802
213000334
206678369
307834218
315589747
37981321
36949568
59442368
60679727
39227285
300568292
301575494
35785914
325094332
200298685
66032244
39347356
36003572
213798432
66506379
314802216
213657703
27621960
23354582
322872540
315807446
322801630
59558007
213007289
35038090
37248473
53868519
213448277
212881684
66443946
323892166
318276607
325295509
55222475
26216135
23224140
33468547
29895083
213830482
316079177
52470275
37246386
28268779
59940544
315589143
323981076
322874223
26303636
29952678
28184232
212653109
207697509
324028323
35033620
26303594
204288583
213795610
214058356
28382612
207241548
32847212
35030030
26133470
60638301
319069043
213656259
322804600
211605381
315057117
26213199
29951811
27612746
206639320
211700349
29855145
322746645
312586027
28184356
204475602
324901941
200983005
205505159
323893255
60642113
32488389
211974944
307865451
203416706
315330175
323042804
59444042
29241395
213421852
39796156
200249274
300674058
301875761
32499683
213434004
206541864
316188051
46224945
300048998
300135233
302779814
301110599
207220971
208381384
34458430
35015726
302992672
316176601
39795828
35110337
204417836
205776370
35015833
59440859
209472455
27578665
308303379
302584297
26136838
40043655
209376920
204591697
24718835
32495491
302995683
324963784
200981918
53060489
34026328
46227302
203512157
305427304
203004197
316478940
209526078
58937285
308039338
301602710
27579135
212559231
212651160
26219717
315542720
213798853
322803727
323894568
203144753
211971411
29998549
212471825
23153430
207168352
308039957
301817052
301605648
209151901
302587761
311330492
206254906
39231634
315278598
300238128
318256252
53864153
35020031
300107364
200271302
200913721
318943008
23403223
302534508
59410910
29951126
58972555
203189873
36660199
203436290
311268486
206410581
208382812
23401250
200253466
318941028
206517492
58162355
211970165
308119775
55761415
305438137
301394425
308268473
53707667
59941245
211885405
29951761
301073136
300268521
34968115
28330264
313165045
39505722
315744508
55763015
311270839
38001285
206416919
213166218
212573067
316344415
203003405
315386615
312206410
327153011
302724281
33500059
213421696
305509929
322616558
58973926
23163165
308116953
211609003
314823790
325296358
324814870
201454436
213795909
311370019
324035054
300633948
35012210
32937294
205625973
300146941
315587931
39791116
301903969
57571895
323903294
318276920
56932627
311372940
307999888
305530776
59330118
36007524
315741165
204289573
211888649
316175868
36963387
201398203
26296962
314825001
52482387
316479559
319069233
42835504
53825279
39346820
318180916
205570773
200248789
308173830
21883137
303021737
301902540
315627554
305441511
208282756
56962681
211687421
204352918
300145166
312215247
212975718
208897835
36296127
208034207
316509561
32937641
313252827
315347914
206818825
59908269
214040131
35024488
26212415
27562495
325292365
27579168
208903468
211966999
211805601
318745262
314803032
58582933
28268654
58582941
27561315
315808550
206541054
209199777
311391460
316432475
307997551
214069288
301818720
58582792
24763971
206749905
204372700
307865980
308260975
314803040
203157300
207871567
203299862
204710362
23403264
211308119
205572001
208211474
56311566
211619390
208398768
315600908
205522840
26426130
40109316
213150113
316506815
56933021
316506823
333437952
313186249
201396314
333437945
200311868
311426589
301816658
204129290
57557522
59440883
53708848
315331009
208227462
322842303
26136580
206815375
213169337
43177641
318543014
208033258
322326604
318890902
29954252
66651357
319066494
318888393
316058064
311423750
319039202
39209291
32517534
300056280
318258407
211856513
209260215
316056316
316479179
322916172
315743286
315196162
206544355
312195415
318821535
301571600
39636998
26214734
27626001
316433259
324964824
318749918
312190168
206366882
304798028
212635577
206423865
322864380
301074142
200307163
66744145
308112689
40595019
213246200
203417035
213447105
36959500
209152990
311394837
206452815
201329323
209377894
205622988
212182463
211687439
318691235
209408632
324029586
312611601
318276060
21520283
37171980
211989793
35027358
308260470
300128386
207760570
200305589
323893990
66115478
56962632
318941424
26301762
315808733
318184967
203196001
205568397
211855168
300049939
313169062
206068363
28180909
53863221
26424168
40025074
205608482
316473644
325081727
200911394
316471929
53065553
305408726
200754398
301180923
29954294
24716581
323892505
207760562
322917048
66713157
32949059
60644481
311368849
37359619
204522031
209259266
311425730
301605531
43166164
60643822
204705891
35610435
324898527
211970264
315544486
205567969
211618905
325084044
206637019
201486024
200258630
56310766
40269011
205999295
315628834
312583487
66561366
34486092
40095424
66595869
209261643
26219758
37767704
207335712
212650295
213431000
201403789
39626262
209473172
24718843
322484510
36906600
40299893
315386904
319046686
25938200
212664411
312610850
301798278
322800681
316470731
322917253
26217414
32488413
39180153
40022428
59890756
318888401
213166390
208893693
207684416
211885728
313250938
53850780
29954278
29999547
52481843
307865170
203441373
308203231
207337932
312211493
208399527
323040113
208280750
315451187
214067738
311371934
209377209
54411574
35219336
39211453
34026336
46228094
313125544
21523642
40112997
301603809
206253254
39180435
305439606
37168374
323076299
300671955
23335367
200305233
308301456
300128949
324962208
316474097
322482902
205555980
322919796
206745937
59518274
201589561
26348334
312212707
200247955
58937426
307984211
308100551
206116378
304801418
203298575
203186226
203293527
32534869
305457541
301573218
40271884
203197850
66443680
312198211
301874434
301798575
31563331
204307342
204307359
301029195
204480792
203199583
55763031
34446294
58583410
54440763
21903919
60715497
341427052
40107492
200249696
302780648
341427045
26487397
300154705
35119213
36730026
21887971
35021898
324176866
28331767
46227260
56314495
201397908
300984721
40883316
21887997
36175099
316005032
312608318
207365917
203063680
204261804
211967310
318669298
322411216
34209262
36951234
32668287
315433037
212180491
305354755
32990566
213799752
206068165
39776505
300762481
305510604
209482181
322412974
325295210
21518352
39632625
66032830
65759656
322615535
29950334
209437284
315433805
201455292
318247574
203062302
37967353
207548322
204468508
308306372
37773025
29997186
37246295
29852373
35028091
37247392
26218446
308039643
326916210
35028257
206679961
322690009
315198226
212632616
29952611
203514203
203720941
213795321
211414917
35028224
311370365
324267327
37192549
315388876
66081449
61994935
66443540
301507133
31438740
209198894
315931238
301029088
212639157
24762130
53863809
315601468
31427636
27529593
305460909
208030866
200254977
206118986
23335631
318219334
302877477
211608674
66032822
305551905
40876005
24716441
322483124
32935827
32516916
65902959
46231841
27575026
315054114
24764573
316454289
39179064
318856325
25916347
58528472
56933070
26428771
312196751
211616636
315628602
29240421
316144518
302038724
312584626
302878483
205522683
21604806
214057135
36004851
35039601
32513657
305460917
61996104
203670930
201537297
206421935
305458572
212474332
211341847
29162906
311425888
35016450
37977022
340491240
208227108
208267583
25916230
206254948
26131102
26346783
300760394
312611866
324268556
40879256
205777493
26480871
33470196
201538451
301407714
301872511
308103472
311377311
316474188
316463728
26423558
315930503
39233168
39774807
212985287
302586508
315107060
201589678
25939141
29163144
55800833
206117681
35212463
59333534
59442442
66603945
301248951
308101773
311375620
37980562
311391437
211701586
26348482
40893943
55779441
42835017
53870515
316185479
66710906
322325804
40271975
204689467
21525977
209468172
208229500
204641609
21518964
23403231
32482804
35024066
204438204
205608979
308308519
204353718
21644620
318886355
26422758
27690759
208892257
211974589
316176817
21904230
26213132
23354608
58583378
325255206
66117268
209472679
28332492
43170448
204467617
315330738
26340448
308104793
59905604
213445810
23403215
311375380
52484292
203196076
57632994
324267533
201591831
311267728
322480963
300632908
315275925
61994927
203198254
26346775
40965691
30450712
35025089
35041581
52475993
53871570
302096938
324019397
35786102
29896040
60683471
203189659
207873811
301871968
311271035
301049425
214040818
304804214
301871083
206872574
214067266
35010891
204639942
208909655
206872152
300713500
208229336
37771292
308100460
60639044
36267441
35212984
28183911
301505715
211615182
311374433
211701347
203444203
26136895
35029099
208383562
209469394
59909309
26429373
36952810
201485208
52472545
59937268
318544152
205573652
305368318
34071043
209484112
204563019
66714551
307984054
55763171
66741042
316432863
27692367
31520406
204706949
305368953
46145819
200311629
316188655
313254096
39350285
40271892
204641088
207235938
301507786
305549032
53863593
59941211
40589871
204354112
301508826
301816252
316056555
324026814
40148611
23335672
36957041
315460527
324089069
209465095
301093191
37971884
26346767
35041060
35212364
211858311
31428568
203913249
55800916
300270097
61265161
39130190
300576907
301362711
324087311
315349290
26218248
35010743
56962566
60641990
206365306
212651921
31555048
37237013
59442459
305355547
25937897
35025097
28384949
300760634
32663551
23295579
211987813
315057125
322841826
37248309
325091957
211973656
314821745
201088408
204544118
206369308
207871302
209482785
317747236
312614126
318256294
209525773
203062146
205556921
322482829
205975964
315992651
201399680
203128392
323864868
323902015
32967630
32484222
46228201
211341094
308241041
312218951
318542743
207328006
208890400
315452904
61219168
205596844
302996533
315808139
213796188
306519307
25880857
305551392
325080398
37972064
66125477
39158712
39179494
205997257
308104306
36938868
213447188
209263854
213168875
300987492
322918384
207780107
322747189
205998578
307983247
223857111
300674645
213001944
212556328
208896068
36950798
23163264
26421958
58973231
35020338
32849895
318892015
211859723
315744995
56962749
212471775
27621929
40895914
315399261
300986718
315600619
208312843
212559025
211344452
205509649
26480822
301505442
209263250
302666334
23351620
206273203
301817193
206543969
27690155
300568169
323042994
66418393
311271159
318542131
318820719
201091386
26213520
301798567
300765781
315600296
61263208
208374223
308241751
212635429
308102128
66126350
29783115
205998404
207169210
207784018
324897875
31663032
204704456
212631121
300669843
304808587
305439325
318856945
28330280
39350269
40111981
305482903
302995642
23226939
31663156
35022003
59410365
60642600
61993473
66445628
200257087
200273076
208381749
300634284
21511704
26343053
301600938
36960052
300152741
315740332
36948230
61260154
206519357
39191036
56870355
207369844
209482009
211967492
313251852
315923631
324039403
56312952
59410407
66461062
207764523
207325747
212573612
316055268
65759003
314804618
207224866
21528054
316464999
205577471
66049156
31542558
35011006
35017862
53864146
316007459
26346742
307861625
313185779
324900653
35010958
37782323
308306570
318746484
26302398
37783271
200311801
323984625
312196876
316587955
205625692
39350590
25811233
211703822
40269912
201330347
201403581
301506671
304808694
312216799
27621937
39776836
52485166
59517516
29996527
308241728
52479599
325258374
66714296
318822657
203440912
315994624
37194198
200251346
203157490
207873357
66711359
52486784
203156567
28266856
206250482
301605101
26348425
27691369
52457876
60638061
203513890
208211573
212660641
213169964
308309715
318667441
319147674
23403272
37968567
315368209
61991378
305547226
66562034
302586961
305486680
24762148
29161981
32938110
56930423
59334102
206815037
35786110
205607534
203156815
59410464
39774872
311268114
315197251
54413810
203443692
207224759
56930456
59411157
211608740
26481721
302590500
24762981
31433154
201092160
203440631
305551368
21888227
26423491
27575869
35010941
58971284
58973868
65901126
207577594
35010974
201482940
203197017
313252397
313165706
29783248
66120254
318692175
208971283
203416516
66714544
36889681
324178680
313277576
32515959
26345793
37168069
56310147
56962558
60643970
200307619
26346718
318215480
39357397
318666393
308203595
301248928
323846832
313275133
315742106
204512917
208225177
307902882
207224163
322840158
316177955
307902890
208401927
313128803
211889985
316470129
39774138
325297760
40096901
207777848
211616073
213003163
35039171
323861633
201541869
29858503
207776592
27694546
312207590
205975600
302879218
206253148
204321293
203195615
316007848
206424475
21521943
308200138
301363198
207579780
209481985
316507797
318855517
323862292
204322333
35219146
213424831
56311491
300914306
213247851
39794417
315366161
211809843
204490148
31663230
56932635
66712852
36729218
57571879
204703029
207873829
66714239
33469263
213651003
302993266
61998464
56932734
39191457
313908378
55800890
302994553
201329653
323984534
324810019
300567153
213650229
302587399
204333850
212880264
46232583
301110052
325256329
212183867
203189071
305411639
200259034
38002085
43176981
40150641
32486334
318181302
211685946
201331022
34090902
204363865
58527672
40373078
23403181
315589358
26131060
209407360
35110303
40880130
302881875
66743808
201589033
324028356
203418546
316475433
312213614
56961329
35002542
26131045
319039459
23150691
26341610
312217250
302587803
323860767
204321699
316430917
316430909
200296812
208228379
35002559
308204130
57571838
206420804
305368615
59442426
213150808
308261916
211307582
315450676
35015551
26486365
35218908
316475342
35015734
322412735
33026030
40879793
209472836
312611643
26424143
209407758
201451465
205508369
34048439
213008410
209379544
66123605
307847533
27625219
21609326
315991208
40581167
203190244
204128029
37231479
211656590
300052362
35028265
37958709
302669361
319147617
323846154
324036631
323983643
33500091
300985827
324265396
60683448
35920537
300057288
33556994
21587910
26139055
52481769
26342881
33759556
201398872
207328063
324178615
37784501
56934987
203127972
203157680
305431611
308118751
318543683
214043176
301110284
302879721
212979884
308305507
33269077
31506652
56962665
208903054
325296366
37175924
211606330
26301770
25833260
42828772
35015874
39228259
26219238
53730933
315197095
301873477
21883079
35015817
322916586
200876050
26429365
35015791
32517641
35015866
35110311
57571887
301110979
206746489
201438520
35928910
60648946
28184406
66595687
34492207
39183652
213655921
65901787
34022236
321625170
334056090
30780282
35160563
56872112
322325457
208892851
325296341
206067001
207784596
200913739
324176379
66564071
308115153
315198267
206452013
308201847
209468586
43165877
35174333
33505306
311455851
304802218
211700380
315614214
315626051
308196559
302591219
301605127
26487785
323861948
322801937
59442319
28382513
308304880
37168853
206065088
301251393
26134924
300761293
26209973
31431067
66126558
59518415
308114263
35016435
58561580
53823480
201455797
53863072
26346577
214069254
21520754
300578861
200294700
23333461
311268148
212978233
26345843
206815425
316076470
212986509
28266567
56963192
214056087
212664825
303022917
307866244
23150816
323891895
24716565
204513402
208032243
206871774
65902462
25813809
33500034
318749801
207695404
205624687
56312978
40888372
53863197
35007327
26346809
209391291
35211606
204273353
53851036
58971433
37168523
315924381
26423582
209196880
206739658
36310167
25916396
59906933
315588467
313168346
304806201
205975113
212987432
301816583
308195890
206423550
34073908
209438332
211305081
205605116
316143213
27693662
201591153
39195912
58971847
324088897
205608201
207545211
26219212
311267082
318822319
211985692
324088681
206518714
208268698
55800858
33240326
315347567
32936676
53057535
35014430
318256526
313188773
208396523
206517278
26301028
312612948
322412040
300762473
35021971
34599399
208033951
301819835
300049830
59444810
312609084
209376326
327760047
213652316
304797434
26343947
26344002
31516917
31520331
308173624
37780079
23335623
315404590
205627508
313276768
324268820
305356974
209465491
33475799
300939279
314800798
301567723
315934190
40114217
312204001
52482486
33500158
26428789
300631041
31375074
324178953
26346791
207215443
316587229
29240447
37966918
206422867
31507718
40271918
206366858
324269653
24715690
40586224
322326380
23164080
35034701
318858479
316475573
35028232
201395043
315809293
26344176
53693701
318277324
301181475
315367466
301714028
207870106
206544454
322872136
312204472
211968235
56311699
300939576
305508707
204490270
308119585
40890907
58937418
312196744
318893765
32967416
27624006
56311707
315199752
312206741
213247455
34965145
209408665
211888722
205628126
204520431
324016724
305530495
24762122
301902821
324177328
324904069
308326644
28267359
209482645
212960793
301255618
206411423
26213116
37785508
26424218
57633307
35270834
24715682
29855681
59393207
23154289
26137851
55800957
23403256
39209853
322864463
206873051
27621119
28381028
29240751
31663024
33504804
208891267
35020296
209437045
36935435
211689112
205532732
315055517
314802679
53864021
204544076
205569536
302783816
322749300
208184846
319149134
324896778
318748514
315196360
21905922
205507312
212961395
308111574
209100130
203512066
316586189
206365405
302880919
39783782
203445598
27578582
209259217
213000664
212638233
26217745
206453110
206519696
322842592
315462275
33458050
35738699
